0 0.520833 0.890625 0.102778 0.156250
0 0.570139 0.817708 0.165278 0.264583
0 0.454861 0.812500 0.070833 0.091667
0 0.378472 0.854167 0.076389 0.083333
0 0.419444 0.930208 0.083333 0.122917
0 0.344444 0.781250 0.061111 0.079167
0 0.316667 0.736458 0.052778 0.064583
0 0.388889 0.732292 0.069444 0.093750
0 0.365278 0.684375 0.052778 0.068750
0 0.342361 0.651042 0.048611 0.072917
0 0.320833 0.620833 0.050000 0.062500
0 0.560417 0.698958 0.131944 0.189583
0 0.805556 0.785417 0.077778 0.091667
0 0.920833 0.903125 0.102778 0.110417
0 0.448611 0.580208 0.058333 0.068750
0 0.409028 0.456250 0.040278 0.054167
0 0.228472 0.326042 0.026389 0.022917
0 0.195833 0.316667 0.022222 0.029167
0 0.259722 0.321875 0.030556 0.039583
0 0.061806 0.592708 0.056944 0.060417
0 0.054167 0.437500 0.050000 0.066667
