0 0.411719 0.508333 0.051562 0.079167
0 0.089844 0.783333 0.073438 0.075000
0 0.288281 0.452083 0.035937 0.045833
0 0.289844 0.411458 0.026562 0.047917
0 0.260937 0.414583 0.034375 0.037500
0 0.275000 0.332292 0.021875 0.027083
0 0.289062 0.357292 0.031250 0.031250
0 0.349219 0.394792 0.026562 0.027083
0 0.363281 0.433333 0.026562 0.033333
0 0.371875 0.309375 0.025000 0.022917
0 0.353125 0.306250 0.025000 0.020833
0 0.342187 0.276042 0.018750 0.022917
0 0.323437 0.270833 0.021875 0.020833
0 0.358594 0.266667 0.026562 0.016667
