0 0.257031 0.448958 0.045312 0.043750
0 0.300000 0.591667 0.034375 0.058333
0 0.359375 0.579167 0.034375 0.087500
0 0.325000 0.431250 0.031250 0.037500
0 0.361719 0.432292 0.045312 0.072917
0 0.285156 0.379167 0.039062 0.058333
0 0.306250 0.317708 0.040625 0.043750
0 0.372656 0.345833 0.023438 0.029167
0 0.351562 0.332292 0.034375 0.027083
0 0.376563 0.319792 0.034375 0.031250
0 0.378906 0.278125 0.026562 0.022917
0 0.351562 0.252083 0.021875 0.012500
0 0.310156 0.265625 0.029687 0.027083
0 0.323437 0.243750 0.031250 0.020833
