0 0.341667 0.646875 0.063889 0.085417
0 0.051389 0.479167 0.050000 0.058333
0 0.313194 0.772917 0.081944 0.091667
0 0.400000 0.737500 0.063889 0.070833
0 0.444444 0.802083 0.075000 0.112500
0 0.503472 0.889583 0.084722 0.108333
0 0.445139 0.945833 0.081944 0.108333
0 0.345139 0.898958 0.140278 0.202083
0 0.584028 0.747917 0.120833 0.179167
0 0.746528 0.797917 0.087500 0.100000
0 0.773611 0.701042 0.063889 0.102083
0 0.652778 0.612500 0.058333 0.083333
0 0.584722 0.648958 0.066667 0.077083
0 0.547222 0.543750 0.052778 0.070833
0 0.441667 0.545833 0.091667 0.150000
0 0.394444 0.534375 0.036111 0.047917
0 0.358333 0.536458 0.044444 0.043750
