0 0.600781 0.952778 0.057813 0.088889
0 0.573438 0.775000 0.040625 0.072222
0 0.580469 0.538889 0.054688 0.105556
0 0.515625 0.488889 0.031250 0.044444
0 0.508594 0.465278 0.026562 0.041667
0 0.532813 0.450000 0.021875 0.044444
0 0.489844 0.401389 0.026562 0.036111
0 0.479687 0.369444 0.021875 0.027778
0 0.464062 0.354167 0.025000 0.036111
0 0.503906 0.345833 0.023438 0.030556
0 0.351562 0.488889 0.037500 0.083333
0 0.371875 0.318056 0.021875 0.030556
0 0.398438 0.340278 0.018750 0.030556
0 0.393750 0.270833 0.025000 0.041667
0 0.415625 0.270833 0.018750 0.036111
0 0.449219 0.312500 0.020313 0.041667
