0 0.342969 0.638542 0.045312 0.043750
0 0.171094 0.537500 0.042188 0.045833
0 0.356250 0.551042 0.040625 0.047917
0 0.315625 0.498958 0.034375 0.039583
0 0.361719 0.461458 0.032813 0.031250
0 0.258594 0.370833 0.029687 0.037500
0 0.287500 0.320833 0.028125 0.029167
0 0.311719 0.296875 0.026562 0.031250
0 0.286719 0.296875 0.023438 0.027083
0 0.325000 0.418750 0.028125 0.025000
0 0.350781 0.341667 0.023438 0.020833
0 0.380469 0.344792 0.029687 0.022917
0 0.356250 0.367708 0.031250 0.022917
0 0.355469 0.310417 0.032813 0.016667
0 0.353125 0.293750 0.025000 0.020833
0 0.345313 0.272917 0.021875 0.020833
0 0.375000 0.296875 0.031250 0.018750
