0 0.394531 0.861458 0.067187 0.081250
0 0.347656 0.580208 0.042188 0.064583
0 0.199219 0.568750 0.039062 0.054167
0 0.141406 0.692708 0.057813 0.064583
0 0.259375 0.451042 0.034375 0.039583
0 0.223438 0.441667 0.037500 0.041667
0 0.378125 0.362500 0.025000 0.025000
0 0.350000 0.347917 0.028125 0.029167
0 0.382031 0.340625 0.026562 0.035417
0 0.350000 0.327083 0.028125 0.029167
0 0.380469 0.276042 0.035937 0.035417
0 0.318750 0.266667 0.025000 0.025000
0 0.288281 0.318750 0.051562 0.041667
0 0.284375 0.353125 0.040625 0.047917
