0 0.341406 0.659375 0.042188 0.056250
0 0.345313 0.591667 0.046875 0.050000
0 0.313281 0.489583 0.035937 0.037500
0 0.362500 0.470833 0.034375 0.033333
0 0.328125 0.407292 0.028125 0.031250
0 0.323437 0.367708 0.031250 0.031250
0 0.377344 0.355208 0.035937 0.039583
0 0.357031 0.275000 0.023438 0.025000
0 0.300000 0.346875 0.031250 0.035417
0 0.306250 0.318750 0.037500 0.033333
0 0.315625 0.272917 0.028125 0.037500
0 0.104688 0.630208 0.050000 0.064583
0 0.240625 0.398958 0.037500 0.043750
0 0.064844 0.734375 0.067187 0.064583
0 0.039844 0.896875 0.051562 0.077083
