0 0.341406 0.593056 0.035937 0.063889
0 0.509375 0.883333 0.053125 0.088889
0 0.580469 0.836111 0.054688 0.077778
0 0.567187 0.741667 0.053125 0.077778
0 0.624219 0.663889 0.067187 0.144444
0 0.484375 0.538889 0.034375 0.044444
0 0.479687 0.487500 0.025000 0.041667
0 0.500781 0.448611 0.029687 0.047222
0 0.526563 0.422222 0.028125 0.033333
0 0.557813 0.477778 0.034375 0.050000
0 0.489844 0.397222 0.026562 0.050000
0 0.458594 0.398611 0.032813 0.041667
0 0.467187 0.312500 0.025000 0.052778
0 0.376563 0.312500 0.028125 0.041667
0 0.357812 0.425000 0.037500 0.072222
