0 0.456944 0.831250 0.080556 0.108333
0 0.397222 0.881250 0.080556 0.095833
0 0.520139 0.937500 0.104167 0.125000
0 0.321528 0.748958 0.090278 0.114583
0 0.343750 0.688542 0.070833 0.077083
0 0.094444 0.731250 0.100000 0.175000
0 0.063194 0.572917 0.079167 0.145833
0 0.231944 0.561458 0.050000 0.072917
0 0.255556 0.523958 0.052778 0.064583
0 0.119444 0.462500 0.044444 0.050000
0 0.561806 0.630208 0.062500 0.064583
0 0.666667 0.790625 0.077778 0.106250
0 0.453472 0.505208 0.054167 0.056250
0 0.249306 0.291667 0.034722 0.033333
0 0.136806 0.337500 0.029167 0.025000
0 0.050694 0.327083 0.031944 0.025000
