0 0.082031 0.694792 0.057813 0.056250
0 0.280469 0.642708 0.045312 0.043750
0 0.346094 0.620833 0.045312 0.045833
0 0.332813 0.689583 0.053125 0.054167
0 0.390625 0.889583 0.078125 0.070833
0 0.360156 0.441667 0.032813 0.025000
0 0.325781 0.425000 0.032813 0.029167
0 0.354687 0.383333 0.031250 0.029167
0 0.391406 0.384375 0.029687 0.031250
0 0.298438 0.334375 0.025000 0.027083
0 0.268750 0.356250 0.025000 0.025000
0 0.327344 0.343750 0.023438 0.020833
0 0.353125 0.336458 0.028125 0.022917
0 0.334375 0.298958 0.018750 0.022917
0 0.357031 0.304167 0.023438 0.016667
0 0.360156 0.278125 0.023438 0.010417
0 0.346875 0.258333 0.018750 0.016667
0 0.301563 0.287500 0.028125 0.020833
