0 0.085938 0.677083 0.065625 0.066667
0 0.148438 0.691667 0.043750 0.054167
0 0.099219 0.626042 0.054688 0.043750
0 0.154688 0.570833 0.043750 0.054167
0 0.204687 0.577083 0.043750 0.045833
0 0.179688 0.525000 0.043750 0.050000
0 0.219531 0.443750 0.035937 0.037500
0 0.402344 0.475000 0.045312 0.083333
0 0.309375 0.536458 0.040625 0.043750
0 0.355469 0.547917 0.039062 0.033333
0 0.272656 0.688542 0.051562 0.052083
0 0.330469 0.685417 0.051562 0.079167
0 0.210938 0.876042 0.028125 0.052083
0 0.312500 0.821875 0.059375 0.072917
0 0.397656 0.757292 0.054688 0.064583
0 0.376563 0.969792 0.062500 0.060417
0 0.325781 0.396875 0.023438 0.031250
0 0.287500 0.371875 0.028125 0.031250
0 0.325781 0.347917 0.026562 0.020833
0 0.353125 0.368750 0.025000 0.020833
0 0.382031 0.366667 0.026562 0.020833
0 0.354687 0.389583 0.031250 0.025000
0 0.387500 0.413542 0.028125 0.027083
0 0.314063 0.297917 0.018750 0.025000
0 0.292969 0.305208 0.023438 0.031250
0 0.322656 0.264583 0.020313 0.025000
