0 0.289062 0.896875 0.071875 0.089583
0 0.382812 0.857292 0.037500 0.068750
0 0.334375 0.713542 0.053125 0.060417
0 0.346875 0.647917 0.046875 0.062500
0 0.348438 0.589583 0.040625 0.045833
0 0.298438 0.604167 0.043750 0.045833
0 0.304688 0.544792 0.043750 0.047917
0 0.351562 0.408333 0.034375 0.033333
0 0.389062 0.408333 0.028125 0.037500
0 0.350000 0.329167 0.031250 0.033333
0 0.330469 0.319792 0.029687 0.027083
0 0.382812 0.340625 0.034375 0.031250
0 0.289062 0.304167 0.031250 0.025000
0 0.260156 0.366667 0.032813 0.020833
0 0.223438 0.391667 0.034375 0.033333
0 0.254688 0.387500 0.037500 0.033333
0 0.219531 0.439583 0.039062 0.037500
0 0.255469 0.447917 0.042188 0.037500
0 0.201563 0.477083 0.046875 0.037500
0 0.254688 0.481250 0.053125 0.041667
0 0.172656 0.460417 0.045312 0.037500
0 0.150000 0.679167 0.062500 0.070833
0 0.138281 0.601042 0.057813 0.047917
0 0.120313 0.551042 0.053125 0.039583
0 0.060937 0.740625 0.068750 0.064583
